Waf: Entering directory `/home/user/ns3/ns-allinone-3.29/ns-3.29/build'
Waf: Leaving directory `/home/user/ns3/ns-allinone-3.29/ns-3.29/build'
Build commands will be stored in build/compile_commands.json
'build' finished successfully (7.730s)
4 1 0.444214
5 1 0.444214
16 1 0.444214
28 1 0.444214
19 5 0.444214
23 5 0.444214
33 5 0.444214
36 5 0.444214
43 5 0.444214
9 15 0.444214
---------------------------
15 1 0.450214
38 5 0.450214
46 5 0.450214
39 15 0.450214
11 15 0.456214
27 5 0.684214
20 5 0.690214
45 15 0.690214
39 1 0.844214
15 5 0.844214
38 15 0.844214
22 5 0.924214
17 15 0.924214
6 1 0.930214
10 1 1.16421
12 15 1.16421
29 15 1.16421
14 5 1.17021
9 1 1.32421
4 5 1.32421
13 1 1.40421
8 5 1.40421
48 5 1.40421
32 1 1.41021
11 1 1.56421
43 15 1.56421
33 15 1.57021
46 15 1.57021
23 15 1.57621
50 5 1.64421
30 15 1.65021
20 15 1.77021
28 5 1.80421
32 15 1.85621
14 1 1.92421
6 5 1.96421
22 15 1.96421
30 1 2.04421
36 1 2.04421
20 5 2.04421
2 1 2.12421
41 1 2.12421
47 15 2.12421
45 1 2.24421
27 1 2.25621
22 5 2.25621
50 15 2.28421
23 5 2.32421
4 1 2.36421
9 15 2.37621
6 15 2.50221
42 1 2.60421
24 15 2.61021
34 15 2.61021
9 1 2.64421
29 1 2.64421
50 5 2.64421
36 5 2.69021
45 15 2.88421
19 1 3.00421
36 15 3.04421
34 5 3.30221
49 1 3.32421
44 15 3.32421
22 15 3.36421
38 1 3.40421
17 5 3.40421
30 15 3.40421
39 15 3.41021
19 5 3.44421
---------------------------
48 15 3.53021
6 5 3.56421
26 5 3.56421
1 1 3.57021
35 1 3.57021
43 5 3.76421
40 1 3.80421
48 5 3.84421
36 5 3.92421
23 15 4.33021
18 1 4.52421
25 15 4.54821
29 5 4.73621
27 15 4.82221
2 15 4.85021
32 1 4.88421
14 5 4.89021
25 1 5.08421
49 15 5.09021
2 1 5.24421
27 5 5.24421
12 1 5.53021
31 1 5.97021
47 5 6.05021
33 1 6.16421
48 15 6.16421
---------------------------
40 15 6.17021
22 5 6.28421
34 15 6.28421
---------------------------
25 15 6.40421
7 15 6.45621
1 5 6.48421
10 15 6.50221
36 1 6.64421
24 5 6.65021
19 1 6.72421
4 5 6.72421
---------------------------
44 5 6.77021
27 15 6.84421
48 5 6.93021
