Waf: Entering directory `/home/user/ns3/ns-allinone-3.29/ns-3.29/build'
[1913/1966] Compiling scratch/lastest.cc
[1926/1966] Linking build/scratch/lastest
Waf: Leaving directory `/home/user/ns3/ns-allinone-3.29/ns-3.29/build'
Build commands will be stored in build/compile_commands.json
'build' finished successfully (12.306s)
1 65 14 2.24
2 50 16 2.8
3 48 13 2.8
4 51 14 2.8
5 38 14 2.8
6 12 13 2.8
7 13 15 2.8
8 34 14 2.8
9 7 14 2.8
10 26 15 2.8
11 45 14 2.84
12 41 13 2.84
13 54 14 2.84
14 25 13 2.84
15 36 13 2.84
16 42 14 2.84
17 44 13 2.84
18 49 12 2.84
19 53 14 2.84
20 23 14 3
21 62 13 3
22 1 9 3
23 55 15 3
24 6 15 3
25 43 14 3
26 28 16 3
27 14 13 3
28 33 12 3
29 56 14 3
30 18 16 3
31 61 15 3
32 31 11 3.04
33 22 11 3.04
34 1 13 3.04
35 21 12 3.04
36 52 12 3.04
37 16 12 3.04
38 15 13 3.04
39 35 11 3.04
40 4 12 3.04
---------------------------
---------------------------
41 46 11 3.08
42 47 15 3.2
43 55 0 3.2
44 2 14 3.2
45 37 11 3.24
46 21 11 3.28
47 52 10 3.28
48 16 10 3.28
49 35 11 3.28
50 4 10 3.28
---------------------------
51 46 10 3.32
52 33 8 3.4
53 11 8 3.4
54 27 11 3.4
55 9 12 3.4
56 2 5 3.44
57 20 5 3.44
58 21 3 3.44
59 3 7 3.44
60 47 13 3.44
61 23 4 3.44
62 24 3 3.44
63 25 5 3.44
64 28 6 3.44
65 29 2 3.44
66 7 3 3.44
67 30 1 3.44
68 17 7 3.44
69 10 5 3.44
70 24 11 3.48
71 5 12 3.48
72 63 11 3.48
73 11 12 3.48
74 21 10 3.52
75 52 11 3.52
76 16 9 3.52
77 15 11 3.52
78 35 10 3.52
79 4 10 3.52
---------------------------
80 46 11 3.56
81 31 7 3.6
82 26 5 3.6
83 8 5 3.6
84 19 6 3.6
---------------------------
85 32 4 3.64
86 4 5 3.64
87 22 0 3.64
88 12 2 3.64
89 13 3 3.64
90 14 2 3.64
91 5 3 3.64
92 15 2 3.64
93 42 2 3.64
94 6 4 3.64
95 16 3 3.64
96 18 4 3.64
97 43 2 3.64
98 47 12 3.68
99 8 11 3.68
100 21 11 3.76
101 52 11 3.76
102 16 10 3.76
103 15 11 3.76
104 35 11 3.76
105 4 11 3.76
---------------------------
106 46 11 3.8
107 67 12 3.84
108 68 10 3.84
109 69 9 3.84
110 70 9 3.84
111 18 0 3.88
112 43 0 3.88
113 27 8 3.92
114 60 7 3.92
115 47 11 3.92
116 66 7 3.92
117 8 9 3.92
118 21 11 4
119 52 10 4
120 16 11 4
121 15 8 4
122 35 11 4
123 4 11 4
---------------------------
124 46 11 4.04
125 4 13 4.08
126 18 0 4.12
127 43 0 4.12
128 47 10 4.16
129 8 6 4.16
130 18 6 4.2
131 1 12 4.2
132 23 12 4.2
133 16 5 4.2
134 20 12 4.2
135 21 9 4.24
136 52 8 4.24
137 16 12 4.24
138 15 6 4.24
139 35 13 4.24
140 4 11 4.24
141 5 16 4.24
142 14 14 4.24
143 39 12 4.24
144 40 14 4.24
145 7 16 4.24
146 22 6 4.24
147 37 15 4.24
148 8 15 4.24
149 19 6 4.24
150 2 9 4.24
151 11 11 4.24
152 1 9 4.24
---------------------------
153 46 11 4.28
154 9 14 4.28
155 30 12 4.28
156 17 13 4.28
157 6 15 4.32
158 18 4 4.36
159 43 5 4.36
160 47 5 4.4
161 8 2 4.4
162 26 14 4.4
163 2 11 4.44
164 25 10 4.44
165 29 2 4.44
166 31 1 4.44
167 32 9 4.44
168 3 1 4.44
169 21 0 4.44
---------------------------
170 21 7 4.48
171 52 7 4.48
172 16 11 4.48
173 15 4 4.48
174 35 11 4.48
175 4 9 4.48
176 15 7 4.48
177 36 9 4.48
178 24 9 4.48
179 28 0 4.48
180 10 1 4.48
181 38 12 4.48
---------------------------
182 46 9 4.52
183 27 4 4.52
184 12 13 4.56
185 47 4 4.64
186 8 2 4.64
187 8 14 4.64
188 4 15 4.64
189 11 15 4.64
190 13 0 4.68
191 21 6 4.72
192 52 6 4.72
193 16 9 4.72
194 15 3 4.72
195 35 9 4.72
196 4 7 4.72
---------------------------
197 46 8 4.76
198 13 9 4.84
199 12 3 4.84
200 21 11 4.84
201 19 13 4.84
202 14 13 4.84
203 20 11 4.84
204 15 13 4.84
205 16 11 4.84
206 17 14 4.84
207 18 14 4.84
208 47 3 4.88
209 8 1 4.88
210 5 11 4.88
211 6 12 4.88
212 7 16 4.88
213 21 5 4.96
214 52 5 4.96
215 16 8 4.96
216 15 2 4.96
217 35 7 4.96
218 4 6 4.96
---------------------------
219 46 5 5
220 47 2 5.12
221 8 2 5.12
222 3 14 5.12
223 9 13 5.12
224 10 13 5.12
225 21 3 5.2
226 52 3 5.2
227 16 4 5.2
228 15 3 5.2
229 35 3 5.2
230 4 4 5.2
---------------------------
231 46 4 5.24
232 47 2 5.36
233 8 2 5.36
234 49 12 5.4
235 44 10 5.4
236 21 3 5.44
237 52 3 5.44
238 16 3 5.44
239 15 3 5.44
240 35 3 5.44
241 4 3 5.44
---------------------------
242 46 3 5.48
243 47 2 5.6
244 8 5 5.6
245 48 11 5.6
246 50 11 5.6
247 53 13 5.6
248 54 10 5.6
249 52 13 5.6
---------------------------
250 46 9 5.6
251 61 13 5.6
252 60 8 5.64
253 21 2 5.68
254 52 2 5.68
255 16 2 5.68
256 15 3 5.68
257 35 2 5.68
258 4 2 5.68
---------------------------
259 46 2 5.72
260 72 11 5.8
261 47 2 5.84
262 8 5 5.84
263 57 6 5.84
264 45 8 5.84
265 47 6 5.84
266 56 6 5.84
267 58 7 5.84
268 51 7 5.84
269 62 6 5.84
270 55 7 5.84
271 21 2 5.92
272 52 1 5.92
273 16 1 5.92
274 15 4 5.92
275 35 2 5.92
276 4 2 5.92
---------------------------
277 46 2 5.96
278 13 6 6
279 64 10 6
280 59 8 6
281 16 5 6
282 65 14 6
283 3 3 6.04
284 1 6 6.04
285 63 6 6.04
286 2 6 6.04
287 10 10 6.04
288 4 9 6.04
289 5 4 6.04
290 6 4 6.04
291 7 4 6.04
292 66 5 6.04
293 47 3 6.08
294 8 5 6.08
295 21 2 6.16
296 52 2 6.16
297 16 1 6.16
298 15 4 6.16
299 35 1 6.16
300 4 1 6.16
---------------------------
301 46 2 6.2
302 80 11 6.2
303 81 12 6.2
304 70 8 6.2
305 71 6 6.2
306 82 13 6.2
307 43 8 6.2
308 12 6 6.24
309 14 1 6.24
310 15 0 6.24
311 77 6 6.24
312 67 2 6.24
313 68 5 6.24
314 69 5 6.24
315 78 7 6.24
316 11 0 6.24
317 73 5 6.24
318 17 6 6.24
319 74 3 6.24
320 8 4 6.24
321 18 5 6.24
322 75 6 6.24
323 9 9 6.28
324 47 3 6.32
325 8 4 6.32
326 21 2 6.4
327 52 3 6.4
328 16 0 6.4
329 15 3 6.4
330 35 2 6.4
331 4 2 6.4
332 79 7 6.4
333 76 6 6.4
---------------------------
334 46 2 6.44
335 18 0 6.44
336 5 17 6.44
337 43 2 6.44
338 18 0 6.48
339 47 2 6.56
340 8 3 6.56
341 1 17 6.6
342 21 1 6.64
343 52 2 6.64
344 16 0 6.64
345 15 2 6.64
346 35 1 6.64
347 4 1 6.64
348 6 14 6.64
---------------------------
349 46 1 6.68
350 3 17 6.68
351 4 15 6.68
352 43 0 6.68
353 18 0 6.72
354 47 2 6.8
355 8 2 6.8
356 2 17 6.8
357 21 1 6.88
358 52 1 6.88
359 16 0 6.88
360 15 1 6.88
361 35 1 6.88
362 4 1 6.88
---------------------------
363 46 1 6.92
364 43 0 6.92
365 18 0 6.96
366 47 1 7.04
367 8 1 7.04
368 21 1 7.12
369 52 1 7.12
370 16 0 7.12
371 15 0 7.12
372 35 0 7.12
373 4 0 7.12
---------------------------
374 46 0 7.16
375 43 0 7.16
376 18 0 7.2
377 47 1 7.28
378 8 0 7.28
379 21 1 7.36
380 52 0 7.36
381 16 0 7.36
382 15 0 7.36
383 35 0 7.36
384 4 0 7.36
---------------------------
385 46 0 7.4
386 43 0 7.4
387 56 10 7.4
388 18 0 7.44
389 47 1 7.52
390 8 0 7.52
391 21 1 7.6
392 52 1 7.6
393 16 2 7.6
394 15 0 7.6
395 35 2 7.6
396 4 1 7.6
397 52 6 7.6
398 53 7 7.6
399 66 6 7.6
---------------------------
400 46 12 7.6
401 71 15 7.6
402 72 16 7.6
---------------------------
403 46 1 7.64
404 43 0 7.64
405 18 0 7.68
406 47 2 7.76
407 8 0 7.76
408 44 8 7.8
409 58 6 7.8
410 54 8 7.8
411 55 16 7.8
412 67 10 7.8
413 69 10 7.8
414 21 1 7.84
415 52 1 7.84
416 16 3 7.84
417 15 0 7.84
418 35 2 7.84
419 4 2 7.84
---------------------------
420 46 2 7.88
421 43 0 7.88
422 18 0 7.92
423 47 2 8
424 8 1 8
425 41 15 8
426 61 14 8
427 73 16 8
428 64 8 8
429 63 7 8
430 42 15 8
431 21 2 8.08
432 52 3 8.08
433 16 3 8.08
434 15 1 8.08
435 35 2 8.08
436 4 3 8.08
---------------------------
437 46 3 8.12
438 43 0 8.12
439 18 0 8.16
440 57 16 8.2
441 43 8 8.2
442 59 8 8.2
443 47 8 8.2
444 48 7 8.2
445 60 7 8.2
446 78 15 8.2
447 62 8 8.2
448 45 7 8.2
449 49 6 8.2
450 74 11 8.2
451 51 8 8.2
452 76 17 8.2
453 68 5 8.2
454 50 10 8.2
455 47 2 8.24
456 8 2 8.24
457 21 3 8.32
458 52 3 8.32
459 16 3 8.32
460 15 1 8.32
461 35 2 8.32
462 4 3 8.32
---------------------------
463 46 3 8.36
464 43 0 8.36
465 18 0 8.4
466 75 7 8.4
467 79 13 8.4
468 77 9 8.4
469 65 8 8.4
470 70 8 8.4
471 47 2 8.48
472 8 1 8.48
473 21 3 8.56
474 52 3 8.56
475 16 3 8.56
476 15 2 8.56
477 35 3 8.56
478 4 3 8.56
---------------------------
479 46 4 8.6
480 43 0 8.6
481 18 0 8.64
482 47 1 8.72
483 8 1 8.72
484 21 3 8.8
485 52 4 8.8
486 16 4 8.8
487 15 2 8.8
488 35 3 8.8
489 4 3 8.8
---------------------------
490 46 4 8.84
491 43 0 8.84
492 18 0 8.88
493 47 2 8.96
494 8 1 8.96
495 21 4 9.04
496 52 4 9.04
497 16 4 9.04
498 15 3 9.04
499 35 3 9.04
500 4 4 9.04
501 48 5 9.04
---------------------------
502 46 4 9.08
503 43 0 9.08
504 18 1 9.12
505 47 2 9.2
506 8 2 9.2
507 45 9 9.2
508 37 9 9.2
509 32 10 9.2
510 55 7 9.2
---------------------------
511 46 3 9.24
512 38 8 9.24
513 54 5 9.24
514 27 5 9.24
515 28 6 9.24
516 21 3 9.28
517 52 6 9.28
518 16 5 9.28
519 15 4 9.28
520 35 3 9.28
521 4 6 9.28
---------------------------
522 46 6 9.32
523 43 0 9.32
524 18 2 9.36
525 41 8 9.4
526 33 8 9.4
527 53 7 9.4
528 34 8 9.4
529 47 3 9.44
530 8 3 9.44
531 31 6 9.44
532 60 6 9.44
---------------------------
533 21 4 9.52
534 52 6 9.52
535 16 6 9.52
536 15 4 9.52
537 35 4 9.52
538 4 6 9.52
---------------------------
539 46 6 9.56
540 43 0 9.56
541 18 1 9.6
542 35 10 9.6
543 42 7 9.6
544 43 7 9.6
545 23 8 9.6
546 58 7 9.6
547 49 9 9.6
548 24 6 9.64
549 30 5 9.64
550 47 5 9.64
551 59 6 9.64
552 47 2 9.68
553 8 3 9.68
554 21 5 9.76
555 52 6 9.76
556 16 6 9.76
557 15 5 9.76
558 35 5 9.76
559 4 6 9.76
---------------------------
560 46 5 9.8
561 43 0 9.8
562 44 10 9.8
563 57 7 9.8
564 36 6 9.8
565 25 9 9.8
566 18 1 9.84
567 56 6 9.84
568 29 4 9.84
569 50 3 9.84
570 22 7 9.84
571 26 4 9.84
572 51 5 9.84
573 39 4 9.84
574 52 4 9.84
575 40 4 9.84
576 47 3 9.92
577 8 4 9.92
