Waf: Entering directory `/home/user/ns3/ns-allinone-3.29/ns-3.29/build'
[1913/1966] Compiling scratch/lastest.cc
[1927/1966] Linking build/scratch/lastest
Waf: Leaving directory `/home/user/ns3/ns-allinone-3.29/ns-3.29/build'
Build commands will be stored in build/compile_commands.json
'build' finished successfully (19.233s)
25 39  34
39 22  34
39 22  42
25 39  51
25 31  51
39 29  34
25 39  31
25 39  51
25 31  39
25 39  34
25 39  29
25 39  51
39 43  31
25 48  29
39 29  22
25 29  31
29 39  51
25 39  17
25 39  22
25 51  34
25 39  42
25 39  51
25 31  39
39 22  51
25 39  34
25 29  39
25 39  42
25 42  34
25 39  34
25 39  29
25 39  51
39 48  34
25 39  29
25 29  39
25 39  22
25 39  56
25 29  39
25 39  42
25 29  34
25 39  42
25 39  34
25 29  39
25 39  48
25 39  29
25 39  52
25 29  39
25 39  29
25 39  29
25 39  34
25 39  42
25 39  22
25 34  39
25 29  39
25 39  48
25 29  39
25 39  56
25 39  51
25 29  42
25 39  34
25 39  51
25 39  42
25 17  39
25 31  39
25 52  34
25 52  22
25 31  39
25 39  29
25 42  29
25 39  29
25 39  43
25 34  39
25 42  51
25 39  29
25 39  51
25 39  34
25 39  51
25 29  39
25 39  29
25 31  39
17 25  39
25 39  31
25 39  52
25 29  39
25 39  31
26 34  39
26 29  39
25 39  34
25 34  39
25 39  48
25 39  29
25 39  29
25 51  48
25 39  52
25 39  22
25 39  51
25 39  29
25 39  42
25 39  34
25 42  29
25 22  39
25 39  51
25 39  52
25 39  29
25 39  34
39 22  31
25 39  34
25 31  39
25 34  39
25 39  48
25 39  51
26 39  42
26 39  31
26 39  17
26 39  29
25 39  34
25 39  48
25 39  42
25 39  34
25 39  34
25 39  42
25 39  29
25 39  29
25 39  42
25 39  52
25 39  56
25 39  29
25 39  52
25 39  51
25 39  52
25 22  39
25 29  39
25 29  39
25 42  34
25 39  34
25 39  51
25 39  29
25 34  39
25 51  39
25 39  22
25 39  42
25 22  39
25 31  39
25 39  29
25 39  51
25 39  29
25 39  42
25 39  52
25 29  39
25 39  22
25 29  42
25 48  42
25 39  34
25 39  42
25 34  39
25 39  29
25 39  42
25 39  52
25 29  39
25 39  42
25 34  39
25 48  52
25 39  56
25 39  51
25 42  51
25 39  56
25 39  34
25 20  39
25 39  48
25 13  17
25 39  42
25 48  29
25 17  39
25 42  34
25 39  42
25 48  22
25 39  22
39 42  34
25 39  22
25 39  29
25 39  29
25 29  39
25 17  39
25 39  51
25 39  29
25 39  31
25 39  34
25 39  22
25 39  51
25 39  34
25 34  48
25 39  29
25 39  42
