Waf: Entering directory `/home/user/ns3/ns-allinone-3.29/ns-3.29/build'
[1913/1966] Compiling scratch/lastest.cc
[1926/1966] Linking build/scratch/lastest
Waf: Leaving directory `/home/user/ns3/ns-allinone-3.29/ns-3.29/build'
Build commands will be stored in build/compile_commands.json
'build' finished successfully (14.086s)
---------------------------
---------------------------
21 30 0.444214
33 30 0.444214
4 39 0.444214
10 39 0.444214
28 39 0.444214
38 39 0.444214
5 36 0.450214
25 36 0.450214
26 36 0.450214
12 39 0.450214
2 39 0.456214
47 39 0.456214
34 30 0.468214
20 30 0.534214
13 30 0.644214
30 30 0.644214
31 30 0.644214
39 30 0.644214
42 30 0.644214
29 36 0.644214
44 36 0.644214
45 36 0.644214
14 39 0.644214
50 39 0.644214
8 36 0.650214
3 39 0.650214
17 39 0.650214
37 39 0.650214
6 39 0.656214
16 39 0.656214
48 39 0.656214
27 30 0.668214
32 39 0.674214
40 36 0.684214
18 39 0.686214
46 39 0.686214
24 39 0.740214
10 30 0.844214
9 39 0.844214
11 36 0.850214
41 30 0.884214
24 1 1.04421
27 1 1.04421
16 36 1.04421
44 39 1.04421
6 30 1.05021
29 30 1.05021
3 36 1.05021
37 36 1.05021
13 36 1.06821
21 39 1.08421
50 30 1.09221
18 30 1.28421
45 30 1.28421
31 36 1.28421
40 30 1.29021
46 30 1.30221
4 30 1.32421
28 30 1.33021
26 30 1.34221
16 30 1.44421
29 36 1.44421
44 36 1.44421
50 36 1.44421
13 39 1.44421
36 36 1.48421
11 39 1.48421
32 30 1.52421
2 30 1.56421
25 30 1.56421
47 30 1.56421
40 1 1.64421
31 30 1.64421
3 39 1.68421
21 36 1.70821
8 39 1.76421
30 36 1.77021
14 30 1.77621
50 1 1.84421
36 30 1.84421
32 39 1.85021
37 39 1.92421
3 30 2.04421
12 36 2.04421
47 39 2.09021
27 36 2.09621
18 1 2.12421
28 36 2.14221
48 1 2.24421
37 36 2.24421
17 30 2.25021
30 39 2.29021
38 36 2.29621
20 36 2.30221
26 36 2.37021
45 39 2.37021
28 30 2.44421
9 36 2.44421
3 36 2.45021
10 36 2.45021
---------------------------
32 36 2.49021
50 36 2.49621
21 39 2.52421
44 1 2.56421
13 30 2.56421
4 39 2.60421
46 39 2.60421
45 36 2.65021
---------------------------
20 30 2.66221
27 30 2.69021
40 30 2.69021
42 39 2.72421
8 36 2.76421
33 39 2.77021
34 39 2.77021
25 36 2.81021
3 30 2.84421
30 30 2.88421
26 30 2.90221
19 30 2.91421
41 39 2.94821
36 1 2.96421
5 30 3.00421
21 30 3.01821
31 39 3.02821
8 30 3.04421
34 30 3.04421
33 30 3.05021
27 36 3.05621
44 39 3.08421
35 36 3.13021
23 30 3.13621
39 36 3.20421
41 30 3.25021
26 36 3.26221
3 39 3.27421
20 1 3.28421
48 15 3.28421
7 30 3.31621
32 30 3.33021
---------------------------
47 30 3.41021
31 1 3.44421
35 30 3.44421
5 36 3.44421
33 36 3.44421
8 39 3.45021
19 1 3.48421
43 15 3.48421
36 36 3.50221
11 30 3.52421
38 39 3.61021
3 1 3.64421
41 36 3.65021
12 39 3.65021
---------------------------
34 1 3.68421
1 30 3.68421
27 39 3.68421
40 39 3.77021
10 39 3.81021
35 39 3.85621
28 36 3.85821
11 39 3.87421
7 1 3.88421
36 30 3.88621
22 15 3.92421
42 36 4.01021
29 30 4.02821
41 39 4.05021
5 39 4.09621
26 1 4.12421
4 36 4.24421
11 36 4.24421
49 36 4.26821
---------------------------
27 30 4.28421
40 36 4.29021
8 30 4.33021
39 39 4.36421
44 36 4.40421
41 30 4.44421
30 36 4.45021
10 30 4.49621
16 39 4.50221
43 1 4.56421
17 36 4.57021
33 30 4.60621
40 39 4.64421
11 39 4.65021
49 30 4.68021
18 30 4.72421
28 30 4.73021
36 39 4.74221
45 39 4.74821
50 30 4.76421
12 30 4.78221
47 36 4.81621
32 36 4.86221
---------------------------
4 39 4.90221
23 36 4.91421
14 36 4.93021
1 36 5.02221
32 30 5.03421
49 1 5.04421
33 36 5.04421
45 36 5.05021
28 39 5.05021
10 36 5.08421
44 30 5.10221
36 36 5.11021
8 36 5.12421
27 36 5.13621
17 30 5.15021
29 36 5.16421
46 36 5.20421
4 30 5.26821
40 30 5.28421
25 30 5.41621
28 30 5.44421
2 36 5.45621
18 36 5.53021
46 30 5.64421
44 1 5.68421
35 30 5.68421
1 39 5.68421
8 39 5.70821
30 39 5.82821
28 39 5.84421
31 30 5.89621
27 30 5.92421
29 30 5.92421
17 39 5.93021
9 30 5.96421
13 39 5.97021
12 36 6.00421
11 30 6.01621
6 36 6.03421
8 36 6.04421
46 39 6.05021
49 30 6.06221
39 36 6.09021
40 36 6.13621
4 36 6.14221
36 1 6.16421
33 30 6.16421
14 30 6.21021
38 36 6.22221
9 36 6.24421
27 39 6.24421
28 30 6.25621
13 36 6.25621
1 30 6.29021
41 36 6.30821
23 15 6.44421
8 30 6.44421
40 30 6.44421
46 30 6.44421
11 36 6.44421
12 39 6.45021
29 39 6.48421
22 1 6.56421
28 1 6.64421
14 36 6.64421
10 39 6.64421
45 39 6.64421
41 39 6.65021
38 39 6.66221
27 30 6.66821
33 36 6.69021
42 30 6.84421
23 1 6.85021
46 36 6.85021
8 39 6.85021
49 36 6.92421
39 39 6.93021
30 36 6.96421
16 30 7.00421
41 30 7.04421
2 39 7.04421
38 36 7.05021
14 39 7.05621
25 39 7.05621
18 30 7.06221
22 15 7.08421
11 30 7.08421
12 36 7.10221
32 39 7.12421
4 39 7.20621
1 1 7.20821
49 30 7.26821
27 39 7.28421
45 36 7.29621
5 30 7.32421
29 36 7.33621
6 30 7.40421
18 36 7.44421
38 39 7.44421
41 39 7.45621
31 36 7.46221
39 30 7.49021
8 30 7.50221
4 1 7.64421
1 30 7.64421
49 39 7.65021
25 30 7.68421
11 36 7.68421
32 36 7.72621
42 39 7.74821
9 30 7.84421
8 39 7.87421
18 30 7.89221
29 39 7.89621
45 30 7.90221
14 36 7.92421
16 36 7.92421
44 39 7.92421
32 39 8.07421
41 30 8.08421
2 30 8.16421
17 30 8.16421
33 30 8.24421
9 39 8.25021
45 36 8.25621
29 30 8.26821
13 30 8.32421
27 36 8.36421
27 30 8.40421
32 30 8.44421
41 36 8.45621
10 30 8.49621
5 36 8.60421
22 1 8.64421
29 36 8.64421
28 30 8.64621
13 39 8.65021
44 36 8.73621
25 36 8.77621
27 39 8.84421
23 15 8.88421
9 30 8.88421
34 39 8.89021
33 39 8.89621
35 36 8.93021
49 36 8.93221
16 39 8.96421
19 30 9.00421
11 39 9.00421
5 30 9.04421
6 39 9.04421
25 39 9.04421
41 39 9.10221
12 30 9.13021
45 30 9.13021
8 30 9.21021
49 1 9.24421
35 30 9.24421
9 36 9.25021
42 30 9.28021
31 1 9.28421
7 30 9.28421
13 30 9.28421
44 30 9.28421
30 30 9.40421
11 30 9.44421
25 36 9.44421
6 30 9.46821
10 36 9.57021
2 39 9.65021
8 39 9.66221
41 30 9.68421
5 36 9.68421
45 36 9.68421
29 39 9.77621
38 30 9.78821
30 36 9.85021
10 39 9.85021
14 39 9.93021
16 30 9.97621
33 30 9.98221
38 36 10.0442
8 36 10.0502
32 39 10.0562
12 36 10.1642
18 36 10.1642
27 30 10.2222
30 39 10.2442
34 30 10.2582
29 36 10.2902
24 15 10.4042
8 30 10.4442
18 39 10.4442
40 36 10.4622
39 36 10.4902
47 30 10.5242
13 36 10.6102
34 1 10.6442
29 30 10.6442
30 30 10.6442
7 39 10.7002
14 30 10.7242
25 30 10.8042
9 30 10.8742
19 39 10.8842
32 36 10.9242
10 30 10.9642
35 39 10.9942
2 30 11.0042
14 36 11.0442
6 36 11.0502
42 36 11.0842
33 36 11.2042
35 1 11.2442
41 36 11.2442
10 36 11.2502
25 39 11.2562
44 1 11.3242
17 39 11.3242
40 30 11.3362
46 39 11.3662
3 30 11.4042
38 30 11.4102
28 39 11.4442
32 30 11.4842
9 36 11.4842
19 36 11.4842
13 30 11.5242
11 36 11.5242
47 36 11.5702
18 30 11.5762
25 30 11.6442
10 39 11.6442
12 39 11.6562
41 30 11.6622
6 30 11.6842
16 39 11.6842
30 39 11.7942
11 39 11.8442
38 39 11.8502
19 30 11.8682
47 39 11.8802
7 36 12.0042
29 39 12.0042
30 2 12.0442
16 36 12.0442
12 30 12.0502
6 36 12.0502
28 36 12.0842
17 30 12.1242
42 30 12.1642
2 39 12.1762
15 15 12.2402
14 39 12.4102
2 30 12.4442
42 36 12.4442
5 30 12.4502
47 36 12.4962
34 36 12.5642
23 1 12.6042
30 30 12.6842
29 30 12.6962
10 30 12.7642
39 30 12.7942
3 39 12.8042
46 2 12.8442
34 39 12.8442
42 39 12.8442
14 30 12.8502
44 30 12.9082
7 30 12.9242
16 30 12.9302
45 39 12.9782
5 39 13.0962
17 39 13.1702
3 30 13.2442
34 30 13.2442
42 30 13.2502
39 36 13.2902
40 36 13.3242
12 36 13.4042
17 30 13.4502
44 1 13.4842
45 2 13.4842
16 36 13.4842
25 36 13.4842
41 36 13.4902
30 39 13.5242
33 30 13.5642
39 30 13.6442
40 30 13.6862
42 36 13.7102
14 36 13.7242
33 39 13.8442
2 36 13.8522
30 30 13.8562
12 39 13.8742
34 39 13.8842
3 39 13.9202
19 39 13.9242
11 36 13.9302
9 39 14.0042
29 39 14.0222
7 39 14.0362
42 39 14.0442
39 36 14.0562
15 36 14.0902
41 30 14.1082
6 39 14.1242
5 30 14.2002
33 30 14.2442
34 30 14.2442
19 30 14.2562
44 39 14.3362
38 30 14.4162
7 1 14.4502
8 36 14.4682
41 39 14.4682
30 39 14.5022
15 30 14.5162
17 36 14.5642
28 30 14.6042
46 39 14.6502
42 1 14.6842
29 30 14.6842
9 36 14.6962
11 30 14.7362
14 30 14.7642
47 39 14.7762
16 39 14.8042
7 30 14.8442
5 39 14.8842
19 36 14.8902
6 36 14.9242
3 30 14.9642
30 36 15.0902
44 30 15.1242
23 15 15.1642
2 1 15.2042
6 30 15.2442
16 30 15.2502
40 36 15.2502
3 36 15.2862
11 39 15.2902
15 2 15.3242
8 30 15.3242
41 30 15.3302
29 36 15.5242
14 36 15.5302
28 36 15.5302
33 36 15.6042
3 1 15.6442
39 39 15.6442
11 30 15.6502
8 36 15.6502
40 30 15.6982
24 1 15.8042
5 30 15.9642
19 30 15.9642
46 36 16.0042
40 1 16.0442
33 30 16.0442
17 39 16.0562
34 39 16.0842
13 39 16.1702
25 30 16.2502
20 15 16.3242
28 30 16.3302
26 15 16.4042
12 36 16.4042
30 39 16.4282
44 39 16.4282
49 30 16.4442
22 36 16.4442
13 30 16.4502
38 36 16.5422
39 36 16.5542
16 36 16.6042
6 39 16.6162
10 39 16.6442
28 39 16.6562
46 30 16.6842
36 30 16.7242
5 36 16.7362
30 2 16.8442
38 30 16.8682
34 30 16.9242
17 36 16.9242
16 30 17.0502
44 1 17.0842
13 36 17.0842
25 39 17.1362
33 36 17.1642
48 1 17.2342
17 39 17.2502
11 36 17.2622
8 30 17.2742
5 30 17.2842
36 39 17.2902
12 39 17.3242
13 30 17.4502
22 30 17.5642
39 30 17.5642
7 39 17.6502
24 2 17.6842
33 39 17.7082
25 30 17.7142
19 39 17.7142
6 30 17.7642
14 30 17.7702
41 39 17.8102
39 2 17.8442
11 30 17.8902
36 30 17.9082
10 36 18.0162
23 1 18.0442
33 30 18.0622
12 36 18.1362
16 36 18.1642
20 1 18.2222
28 30 18.2442
49 36 18.2842
25 36 18.2962
7 30 18.3142
17 36 18.3642
35 39 18.4922
48 39 18.6162
17 30 18.6442
49 39 18.6502
34 39 18.6962
36 1 18.7242
35 30 18.8442
19 36 19.0042
6 36 19.0102
33 39 19.1642
35 39 19.2742
5 39 19.3242
8 39 19.3302
25 30 19.3762
19 30 19.4442
41 36 19.4442
14 36 19.4842
23 2 19.6442
25 39 19.6502
12 30 19.6562
6 30 19.6842
46 39 19.6902
22 36 19.7702
17 36 19.7762
15 30 19.8442
38 36 19.8902
29 39 19.9242
11 39 19.9302
