Waf: Entering directory `/home/user/ns3/ns-allinone-3.29/ns-3.29/build'
[1914/1966] Compiling scratch/lastest.cc
[1941/1966] Linking build/scratch/lastest
Waf: Leaving directory `/home/user/ns3/ns-allinone-3.29/ns-3.29/build'
Build commands will be stored in build/compile_commands.json
'build' finished successfully (13.031s)
---------------------------
1 34 17 0.400001
2 62 15 0.440001
---------------------------
3 46 16 0.440001
4 47 15 0.440001
5 29 14 0.440001
6 59 15 0.440001
7 38 15 0.440001
8 65 15 0.440001
9 67 16 0.440001
10 56 13 0.440001
11 78 16 0.440001
12 51 15 0.440001
13 70 10 0.440001
14 76 12 0.440001
15 71 16 0.440001
16 75 14 0.680001
17 13 17 0.680001
18 37 17 0.840001
19 45 13 1
20 26 13 1
21 25 15 1
22 69 13 1
23 23 12 1
24 41 14 1
25 17 13 1
26 7 13 1.04
27 2 6 1.2
28 19 10 1.2
29 27 14 1.24
30 49 13 1.24
31 4 13 1.24
32 18 11 1.24
33 58 14 1.24
34 5 9 1.24
35 6 10 1.24
36 1 10 1.24
37 7 8 1.24
38 15 16 1.24
39 35 17 1.24
40 2 15 1.24
41 60 14 1.24
42 18 10 1.24
43 9 9 1.24
44 11 14 1.24
45 12 8 1.24
46 14 9 1.24
47 20 3 1.44
48 21 0 1.44
49 22 2 1.44
50 23 0 1.44
51 24 3 1.44
52 25 4 1.44
53 10 5 1.44
54 13 3 1.44
55 26 0 1.44
56 27 2 1.44
57 16 5 1.44
58 3 4 1.48
59 17 7 1.48
60 4 6 1.48
61 6 6 1.48
62 8 6 1.48
63 28 5 1.64
64 29 1 1.64
65 30 0 1.64
66 31 0 1.64
67 32 0 1.64
68 33 3 1.64
69 34 0 1.64
70 35 0 1.64
71 36 0 1.64
72 37 0 1.64
73 38 0 1.64
74 39 1 1.64
---------------------------
75 100 14 1.84
76 84 15 1.88
77 86 13 1.88
78 98 17 2.08
79 93 14 2.08
80 85 17 2.12
81 88 11 2.2
82 104 13 2.2
83 99 17 2.2
84 92 8 2.2
85 82 12 2.2
86 94 10 2.2
87 96 13 2.2
88 79 7 2.24
89 89 10 2.24
90 91 9 2.24
91 81 14 2.24
92 101 16 2.24
93 66 12 2.24
94 102 14 2.24
95 110 10 2.24
96 111 9 2.24
97 83 11 2.24
98 80 10 2.24
99 39 11 2.24
100 97 10 2.32
101 106 10 2.4
102 68 8 2.4
103 87 8 2.44
104 103 7 2.44
105 57 7 2.44
106 105 9 2.44
107 90 10 2.44
108 5 8 2.44
109 8 13 2.44
110 107 7 2.44
111 108 8 2.44
112 109 5 2.44
113 14 9 2.44
114 112 9 2.44
115 113 8 2.44
116 36 7 2.44
117 12 6 2.44
118 114 7 2.44
119 95 6 2.44
120 61 9 2.44
121 1 11 2.6
122 107 6 2.68
123 108 7 2.68
124 109 7 2.68
125 14 13 2.68
126 112 15 2.68
127 113 15 2.68
128 36 11 2.68
129 12 13 2.68
130 114 4 2.68
131 95 7 2.68
132 61 6 2.68
133 68 10 2.8
134 56 8 2.8
135 67 11 2.8
136 44 9 2.8
137 45 11 2.8
138 51 8 2.8
139 43 10 2.84
140 48 9 2.84
141 40 9 2.84
142 59 9 2.84
143 41 10 2.84
144 11 7 2.84
145 42 9 2.84
146 15 8 2.84
147 107 15 2.92
148 108 16 2.92
149 109 17 2.92
150 114 14 2.92
151 61 9 2.92
152 70 7 3
153 71 7 3
154 66 6 3
155 73 6 3
156 74 10 3
157 3 17 3
158 58 10 3
159 64 8 3
---------------------------
160 46 5 3.04
161 69 4 3.04
162 47 7 3.04
163 53 5 3.04
164 54 4 3.04
165 72 6 3.04
166 55 3 3.04
167 49 4 3.04
168 57 6 3.04
169 50 4 3.04
170 60 7 3.04
171 61 6 3.04
172 62 4 3.04
173 63 4 3.04
174 52 4 3.04
175 65 6 3.04
176 1 4 3.2
177 11 7 3.2
178 12 5 3.2
179 13 13 3.2
180 14 7 3.2
181 15 14 3.2
182 2 1 3.24
183 8 2 3.24
184 9 4 3.24
185 10 5 3.24
186 4 3 3.24
187 5 17 3.24
188 6 4 3.24
189 7 15 3.24
190 16 0 3.44
191 17 0 3.44
192 18 0 3.44
193 6 0 3.48
194 7 2 3.48
195 124 11 3.6
196 125 11 3.6
197 130 12 3.6
198 146 11 3.6
199 140 16 3.6
200 138 16 3.64
201 133 9 3.64
202 6 0 3.72
203 7 0 3.72
204 121 11 3.8
205 122 12 3.8
206 123 12 3.8
207 116 15 3.8
208 151 17 3.8
209 109 11 3.8
210 129 10 3.8
211 136 16 3.8
212 14 11 3.8
213 132 9 3.8
214 36 11 3.8
215 12 10 3.8
216 134 10 3.8
217 135 8 3.8
218 126 7 3.84
219 117 9 3.84
220 127 7 3.84
221 118 9 3.84
222 128 7 3.84
223 119 10 3.84
224 131 8 3.84
225 113 8 3.84
226 120 9 3.84
227 52 12 3.88
228 6 4 3.96
229 7 0 3.96
230 141 9 4
231 142 11 4
232 143 11 4
233 107 9 4
234 144 17 4
235 145 11 4
236 137 16 4
237 114 9 4
238 139 13 4
239 61 13 4
240 115 6 4.04
241 19 0 4.04
242 20 0 4.04
243 108 7 4.04
244 109 5 4.04
245 14 5 4.04
246 21 0 4.04
247 112 6 4.04
248 36 5 4.04
249 12 4 4.04
250 95 5 4.04
251 22 0 4.04
252 113 4 4.08
253 6 15 4.2
254 7 4 4.2
255 2 0 4.24
256 1 7 4.24
257 107 3 4.24
258 114 4 4.24
259 61 5 4.24
260 149 3 4.28
261 150 4 4.28
262 108 3 4.28
263 109 2 4.28
264 14 2 4.28
265 112 3 4.28
266 36 3 4.28
267 12 1 4.28
268 95 2 4.28
269 113 1 4.32
270 110 12 4.4
271 7 12 4.44
272 86 10 4.44
273 107 1 4.48
274 114 1 4.48
275 61 1 4.48
276 108 0 4.52
277 109 1 4.52
278 14 0 4.52
279 112 1 4.52
280 36 1 4.52
281 12 0 4.52
282 95 1 4.52
283 113 0 4.56
284 108 13 4.6
285 109 12 4.6
286 94 12 4.6
287 96 13 4.6
288 112 9 4.64
289 89 9 4.64
290 113 8 4.64
291 88 9 4.64
292 107 0 4.72
293 114 0 4.72
294 61 0 4.72
295 108 0 4.76
296 109 0 4.76
297 14 0 4.76
298 112 0 4.76
299 36 0 4.76
300 12 0 4.76
301 95 0 4.76
302 113 0 4.8
303 107 15 4.8
304 97 12 4.8
305 111 13 4.8
306 98 11 4.8
307 93 8 4.84
308 95 9 4.84
309 99 8 4.84
310 107 0 4.96
311 114 1 4.96
312 61 2 4.96
313 108 2 5
314 109 3 5
315 14 3 5
316 112 1 5
317 36 2 5
318 12 2 5
319 95 3 5
320 91 13 5
321 92 14 5
322 115 10 5
323 100 14 5
324 102 10 5
325 118 9 5
326 113 2 5.04
327 116 9 5.04
328 103 9 5.04
329 87 6 5.04
330 107 6 5.2
331 114 6 5.2
332 61 6 5.2
333 121 16 5.2
334 101 13 5.2
335 117 9 5.2
336 106 13 5.2
337 108 6 5.24
338 109 4 5.24
339 14 4 5.24
340 112 5 5.24
341 36 4 5.24
342 12 4 5.24
343 95 4 5.24
344 90 9 5.24
345 105 8 5.24
346 113 4 5.28
347 114 12 5.4
348 120 11 5.4
349 107 7 5.44
350 114 8 5.44
351 61 7 5.44
352 122 11 5.44
353 104 7 5.44
354 35 11 5.44
355 108 8 5.48
356 109 6 5.48
357 14 7 5.48
358 112 7 5.48
359 36 7 5.48
360 12 7 5.48
361 95 6 5.48
362 113 6 5.52
363 114 4 5.6
364 26 10 5.6
365 23 11 5.6
366 53 9 5.64
367 40 8 5.64
368 41 8 5.64
369 49 7 5.64
370 25 9 5.64
371 119 6 5.64
372 50 9 5.64
373 6 7 5.64
374 107 8 5.68
375 114 7 5.68
376 61 7 5.68
377 33 7 5.68
378 108 7 5.72
379 109 7 5.72
380 14 7 5.72
381 112 7 5.72
382 36 7 5.72
383 12 7 5.72
384 95 6 5.72
385 113 7 5.76
386 43 11 5.8
387 38 11 5.8
388 28 9 5.8
389 34 10 5.8
390 36 10 5.8
391 56 5 5.84
392 37 8 5.84
393 24 6 5.84
394 27 8 5.84
395 29 6 5.84
396 31 8 5.84
---------------------------
397 6 4 5.88
398 107 7 5.92
399 114 7 5.92
400 61 6 5.92
401 108 7 5.96
402 109 6 5.96
403 14 7 5.96
404 112 7 5.96
405 36 7 5.96
406 12 7 5.96
407 95 6 5.96
408 113 7 6
409 58 11 6
410 42 11 6
---------------------------
411 46 11 6
412 57 10 6
413 30 9 6
414 7 9 6
415 52 12 6
416 32 9 6
417 39 9 6
418 55 3 6.04
419 9 13 6.04
420 44 8 6.04
421 3 14 6.04
422 47 7 6.04
423 4 11 6.04
424 54 8 6.04
425 6 3 6.12
426 107 6 6.16
427 114 6 6.16
428 61 6 6.16
429 108 6 6.2
430 109 6 6.2
431 14 6 6.2
432 112 6 6.2
433 36 6 6.2
434 12 6 6.2
435 95 5 6.2
436 48 11 6.2
437 45 9 6.2
438 113 6 6.24
439 12 12 6.24
440 15 15 6.24
441 16 0 6.24
442 51 8 6.24
443 13 9 6.24
444 17 0 6.24
445 7 4 6.24
446 14 11 6.24
447 11 9 6.28
448 5 12 6.28
449 7 13 6.28
450 10 14 6.28
451 2 11 6.32
452 6 2 6.36
453 107 5 6.4
454 114 5 6.4
455 61 5 6.4
456 108 5 6.44
457 109 6 6.44
458 14 6 6.44
459 112 5 6.44
460 36 6 6.44
461 12 6 6.44
462 95 5 6.44
463 113 6 6.48
464 7 2 6.48
465 6 3 6.52
466 8 10 6.52
467 1 9 6.56
468 6 0 6.6
469 107 5 6.64
470 114 5 6.64
471 61 4 6.64
472 108 5 6.68
473 109 5 6.68
474 14 5 6.68
475 112 6 6.68
476 36 6 6.68
477 12 5 6.68
478 95 5 6.68
479 113 6 6.72
480 7 1 6.72
481 6 0 6.84
482 107 4 6.88
483 114 4 6.88
484 61 3 6.88
485 108 4 6.92
486 109 5 6.92
487 14 5 6.92
488 112 5 6.92
489 36 5 6.92
490 12 5 6.92
491 95 5 6.92
492 113 6 6.96
493 7 0 6.96
494 6 0 7.08
495 107 3 7.12
496 114 3 7.12
497 61 2 7.12
498 108 4 7.16
499 109 4 7.16
500 14 4 7.16
501 112 4 7.16
502 36 3 7.16
503 12 5 7.16
504 95 4 7.16
505 113 5 7.2
506 7 0 7.2
507 6 0 7.32
508 107 2 7.36
509 114 2 7.36
510 61 2 7.36
511 108 3 7.4
512 109 3 7.4
513 14 4 7.4
514 112 3 7.4
515 36 3 7.4
516 12 4 7.4
517 95 3 7.4
518 10 11 7.4
519 26 9 7.4
520 12 9 7.4
521 113 4 7.44
522 7 0 7.44
523 23 4 7.44
524 24 6 7.44
525 6 0 7.56
526 107 2 7.6
527 114 2 7.6
528 61 1 7.6
529 10 0 7.6
530 20 9 7.6
531 5 14 7.6
532 6 14 7.6
533 3 9 7.6
534 4 12 7.6
535 29 11 7.6
536 31 10 7.6
---------------------------
537 108 2 7.64
538 109 3 7.64
539 14 3 7.64
540 112 3 7.64
541 36 3 7.64
542 12 4 7.64
543 95 3 7.64
544 9 4 7.64
545 18 7 7.64
546 11 7 7.64
547 13 6 7.64
548 14 4 7.64
549 15 5 7.64
550 113 4 7.68
551 7 0 7.68
552 6 0 7.8
553 19 11 7.8
554 21 10 7.8
555 28 9 7.8
556 30 9 7.8
557 107 2 7.84
558 114 2 7.84
559 61 1 7.84
560 8 3 7.84
561 10 0 7.84
562 25 5 7.84
563 19 0 7.84
564 22 3 7.84
565 7 5 7.84
566 108 2 7.88
567 109 2 7.88
568 14 3 7.88
569 112 2 7.88
570 36 2 7.88
571 12 4 7.88
572 95 3 7.88
573 113 3 7.92
574 7 0 7.92
575 32 14 8
576 33 6 8
577 37 10 8
578 34 11 8
579 16 14 8
580 35 8 8
581 27 8 8
582 36 14 8
583 6 0 8.04
584 17 4 8.04
585 20 0 8.04
586 107 2 8.08
587 114 2 8.08
588 61 0 8.08
589 10 5 8.08
590 108 2 8.12
591 109 3 8.12
592 14 3 8.12
593 112 3 8.12
594 36 3 8.12
595 12 4 8.12
596 95 2 8.12
597 113 3 8.16
598 7 0 8.16
599 38 12 8.2
600 39 17 8.24
601 6 0 8.28
602 107 2 8.32
603 114 1 8.32
604 61 0 8.32
605 10 14 8.32
606 108 1 8.36
607 109 3 8.36
608 14 3 8.36
609 112 2 8.36
610 36 2 8.36
611 12 3 8.36
612 95 2 8.36
613 113 2 8.4
614 7 0 8.4
615 6 0 8.52
616 107 1 8.56
617 114 1 8.56
618 61 1 8.56
619 108 1 8.6
620 109 1 8.6
621 14 1 8.6
622 112 1 8.6
623 36 1 8.6
624 12 2 8.6
625 95 1 8.6
626 113 1 8.64
627 7 0 8.64
628 6 0 8.76
629 107 0 8.8
630 114 1 8.8
631 61 0 8.8
632 2 16 8.8
633 1 16 8.8
634 33 17 8.8
635 108 1 8.84
636 109 1 8.84
637 14 1 8.84
638 112 1 8.84
639 36 1 8.84
640 12 2 8.84
641 95 1 8.84
642 113 1 8.88
643 7 0 8.88
644 18 16 8.88
645 6 15 8.92
646 8 17 8.92
647 17 16 8.96
648 6 0 9
649 14 16 9
650 15 17 9
651 16 16 9
652 107 0 9.04
653 114 1 9.04
654 61 1 9.04
655 3 15 9.04
656 25 16 9.04
657 19 16 9.04
658 24 16 9.04
659 108 1 9.08
660 109 1 9.08
661 14 1 9.08
662 112 1 9.08
663 36 1 9.08
664 12 2 9.08
665 95 1 9.08
666 113 0 9.12
667 7 0 9.12
668 10 16 9.16
669 12 17 9.2
670 9 16 9.2
671 6 0 9.24
672 26 17 9.24
673 5 17 9.24
674 32 14 9.24
675 107 1 9.28
676 114 1 9.28
677 61 1 9.28
678 108 1 9.32
679 109 1 9.32
680 14 1 9.32
681 112 1 9.32
682 36 1 9.32
683 12 2 9.32
684 95 1 9.32
685 7 16 9.32
686 113 0 9.36
687 7 0 9.36
688 4 17 9.36
689 23 16 9.4
690 27 17 9.4
691 29 16 9.4
692 35 17 9.4
693 11 17 9.4
694 36 14 9.4
695 30 16 9.4
696 21 16 9.44
697 28 17 9.44
698 13 17 9.44
699 6 0 9.48
700 107 1 9.52
701 114 1 9.52
702 61 1 9.52
703 108 1 9.56
704 109 1 9.56
705 14 1 9.56
706 112 1 9.56
707 36 1 9.56
708 12 1 9.56
709 95 1 9.56
710 113 0 9.6
711 7 0 9.6
712 31 17 9.6
---------------------------
713 34 15 9.64
714 22 16 9.64
715 6 0 9.72
716 107 1 9.76
717 114 1 9.76
718 61 1 9.76
719 108 2 9.8
720 109 2 9.8
721 14 2 9.8
722 112 2 9.8
723 36 2 9.8
724 12 1 9.8
725 95 1 9.8
726 113 1 9.84
727 7 0 9.84
728 20 16 9.84
729 6 0 9.96
